-10 10 -13 13
-10 10 -13 7
-10 10 -7 7
-10 10 -7 13
-2 10 -5 13
-2 10 -5 7
-2 10 1 7
-2 10 1 13
6 10 3 13
6 10 3 7
6 10 9 7
6 10 9 13
14 10 11 13
14 10 11 7
14 10 17 7
14 10 17 13
22 10 19 13
22 10 19 7
22 10 25 7
22 10 25 13
30 10 27 13
30 10 27 7
30 10 33 7
30 10 33 13
38 10 35 13
38 10 35 7
38 10 41 7
38 10 41 13
46 10 43 13
46 10 43 7
46 10 49 7
46 10 49 13
54 10 51 13
54 10 51 7
54 10 57 7
54 10 57 13
62 10 59 13
62 10 59 7
62 10 65 7
62 10 65 13
-10 2 -13 5
-10 2 -13 -1
-10 2 -7 -1
-10 2 -7 5
-2 2 -5 5
-2 2 -5 -1
-2 2 1 -1
-2 2 1 5
6 2 3 5
6 2 3 -1
6 2 9 -1
6 2 9 5
14 2 11 5
14 2 11 -1
14 2 17 -1
14 2 17 5
22 2 19 5
22 2 19 -1
22 2 25 -1
22 2 25 5
30 2 27 5
30 2 27 -1
30 2 33 -1
30 2 33 5
38 2 35 5
38 2 35 -1
38 2 41 -1
38 2 41 5
46 2 43 5
46 2 43 -1
46 2 49 -1
46 2 49 5
54 2 51 5
54 2 51 -1
54 2 57 -1
54 2 57 5
62 2 59 5
62 2 59 -1
62 2 65 -1
62 2 65 5
-10 -6 -13 -3
-10 -6 -13 -9
-10 -6 -7 -9
-10 -6 -7 -3
-2 -6 -5 -3
-2 -6 -5 -9
-2 -6 1 -9
-2 -6 1 -3
6 -6 3 -3
6 -6 3 -9
6 -6 9 -9
6 -6 9 -3
14 -6 11 -3
14 -6 11 -9
14 -6 17 -9
14 -6 17 -3
22 -6 19 -3
22 -6 19 -9
22 -6 25 -9
22 -6 25 -3
30 -6 27 -3
30 -6 27 -9
30 -6 33 -9
30 -6 33 -3
38 -6 35 -3
38 -6 35 -9
38 -6 41 -9
38 -6 41 -3
46 -6 43 -3
46 -6 43 -9
46 -6 49 -9
46 -6 49 -3
54 -6 51 -3
54 -6 51 -9
54 -6 57 -9
54 -6 57 -3
62 -6 59 -3
62 -6 59 -9
62 -6 65 -9
62 -6 65 -3
-10 -14 -13 -11
-10 -14 -13 -17
-10 -14 -7 -17
-10 -14 -7 -11
-2 -14 -5 -11
-2 -14 -5 -17
-2 -14 1 -17
-2 -14 1 -11
6 -14 3 -11
6 -14 3 -17
6 -14 9 -17
6 -14 9 -11
14 -14 11 -11
14 -14 11 -17
14 -14 17 -17
14 -14 17 -11
22 -14 19 -11
22 -14 19 -17
22 -14 25 -17
22 -14 25 -11
30 -14 27 -11
30 -14 27 -17
30 -14 33 -17
30 -14 33 -11
38 -14 35 -11
38 -14 35 -17
38 -14 41 -17
38 -14 41 -11
46 -14 43 -11
46 -14 43 -17
46 -14 49 -17
46 -14 49 -11
54 -14 51 -11
54 -14 51 -17
54 -14 57 -17
54 -14 57 -11
62 -14 59 -11
62 -14 59 -17
62 -14 65 -17
62 -14 65 -11
-10 -22 -13 -19
-10 -22 -13 -25
-10 -22 -7 -25
-10 -22 -7 -19
-2 -22 -5 -19
-2 -22 -5 -25
-2 -22 1 -25
-2 -22 1 -19
6 -22 3 -19
6 -22 3 -25
6 -22 9 -25
6 -22 9 -19
14 -22 11 -19
14 -22 11 -25
14 -22 17 -25
14 -22 17 -19
22 -22 19 -19
22 -22 19 -25
22 -22 25 -25
22 -22 25 -19
30 -22 27 -19
30 -22 27 -25
30 -22 33 -25
30 -22 33 -19
38 -22 35 -19
38 -22 35 -25
38 -22 41 -25
38 -22 41 -19
46 -22 43 -19
46 -22 43 -25
46 -22 49 -25
46 -22 49 -19
54 -22 51 -19
54 -22 51 -25
54 -22 57 -25
54 -22 57 -19
62 -22 59 -19
62 -22 59 -25
62 -22 65 -25
62 -22 65 -19
-10 -30 -13 -27
-10 -30 -13 -33
-10 -30 -7 -33
-10 -30 -7 -27
-2 -30 -5 -27
-2 -30 -5 -33
-2 -30 1 -33
-2 -30 1 -27
6 -30 3 -27
6 -30 3 -33
6 -30 9 -33
6 -30 9 -27
14 -30 11 -27
14 -30 11 -33
14 -30 17 -33
14 -30 17 -27
22 -30 19 -27
22 -30 19 -33
22 -30 25 -33
22 -30 25 -27
30 -30 27 -27
30 -30 27 -33
30 -30 33 -33
30 -30 33 -27
38 -30 35 -27
38 -30 35 -33
38 -30 41 -33
38 -30 41 -27
46 -30 43 -27
46 -30 43 -33
46 -30 49 -33
46 -30 49 -27
54 -30 51 -27
54 -30 51 -33
54 -30 57 -33
54 -30 57 -27
62 -30 59 -27
62 -30 59 -33
62 -30 65 -33
62 -30 65 -27
-10 -38 -13 -35
-10 -38 -13 -41
-10 -38 -7 -41
-10 -38 -7 -35
-2 -38 -5 -35
-2 -38 -5 -41
-2 -38 1 -41
-2 -38 1 -35
6 -38 3 -35
6 -38 3 -41
6 -38 9 -41
6 -38 9 -35
14 -38 11 -35
14 -38 11 -41
14 -38 17 -41
14 -38 17 -35
22 -38 19 -35
22 -38 19 -41
22 -38 25 -41
22 -38 25 -35
30 -38 27 -35
30 -38 27 -41
30 -38 33 -41
30 -38 33 -35
38 -38 35 -35
38 -38 35 -41
38 -38 41 -41
38 -38 41 -35
46 -38 43 -35
46 -38 43 -41
46 -38 49 -41
46 -38 49 -35
54 -38 51 -35
54 -38 51 -41
54 -38 57 -41
54 -38 57 -35
62 -38 59 -35
62 -38 59 -41
62 -38 65 -41
62 -38 65 -35
-10 -46 -13 -43
-10 -46 -13 -49
-10 -46 -7 -49
-10 -46 -7 -43
-2 -46 -5 -43
-2 -46 -5 -49
-2 -46 1 -49
-2 -46 1 -43
6 -46 3 -43
6 -46 3 -49
6 -46 9 -49
6 -46 9 -43
14 -46 11 -43
14 -46 11 -49
14 -46 17 -49
14 -46 17 -43
22 -46 19 -43
22 -46 19 -49
22 -46 25 -49
22 -46 25 -43
30 -46 27 -43
30 -46 27 -49
30 -46 33 -49
30 -46 33 -43
38 -46 35 -43
38 -46 35 -49
38 -46 41 -49
38 -46 41 -43
46 -46 43 -43
46 -46 43 -49
46 -46 49 -49
46 -46 49 -43
54 -46 51 -43
54 -46 51 -49
54 -46 57 -49
54 -46 57 -43
62 -46 59 -43
62 -46 59 -49
62 -46 65 -49
62 -46 65 -43
-10 -54 -13 -51
-10 -54 -13 -57
-10 -54 -7 -57
-10 -54 -7 -51
-2 -54 -5 -51
-2 -54 -5 -57
-2 -54 1 -57
-2 -54 1 -51
6 -54 3 -51
6 -54 3 -57
6 -54 9 -57
6 -54 9 -51
14 -54 11 -51
14 -54 11 -57
14 -54 17 -57
14 -54 17 -51
22 -54 19 -51
22 -54 19 -57
22 -54 25 -57
22 -54 25 -51
30 -54 27 -51
30 -54 27 -57
30 -54 33 -57
30 -54 33 -51
38 -54 35 -51
38 -54 35 -57
38 -54 41 -57
38 -54 41 -51
46 -54 43 -51
46 -54 43 -57
46 -54 49 -57
46 -54 49 -51
54 -54 51 -51
54 -54 51 -57
54 -54 57 -57
54 -54 57 -51
62 -54 59 -51
62 -54 59 -57
62 -54 65 -57
62 -54 65 -51
-10 -62 -13 -59
-10 -62 -13 -65
-10 -62 -7 -65
-10 -62 -7 -59
-2 -62 -5 -59
-2 -62 -5 -65
-2 -62 1 -65
-2 -62 1 -59
6 -62 3 -59
6 -62 3 -65
6 -62 9 -65
6 -62 9 -59
14 -62 11 -59
14 -62 11 -65
14 -62 17 -65
14 -62 17 -59
22 -62 19 -59
22 -62 19 -65
22 -62 25 -65
22 -62 25 -59
30 -62 27 -59
30 -62 27 -65
30 -62 33 -65
30 -62 33 -59
38 -62 35 -59
38 -62 35 -65
38 -62 41 -65
38 -62 41 -59
46 -62 43 -59
46 -62 43 -65
46 -62 49 -65
46 -62 49 -59
54 -62 51 -59
54 -62 51 -65
54 -62 57 -65
54 -62 57 -59
62 -62 59 -59
62 -62 59 -65
62 -62 65 -65
62 -62 65 -59
